5
10 4
7831 923 5609 7069 5764 6564 8857 6585 4077 3313
15 8
7153 1549 6936 7309 2757 2557 2524 7634 5315 7160 131 8691 8964 3947 3121
100 46
4848 3123 6217 9790 1726 9050 7988 8810 7480 7842 8552 8788 4773 2812 5607 7105 9954 1078 5876 1049 8875 3800 4618 1753 581 4020 5669 3652 4782 9893 6963 4088 1617 710 3014 7277 4597 368 7095 3868 879 78 1397 4454 601 6784 5088 78 8050 909 7788 2901 2343 4457 7317 1966 5269 5887 2818 2720 1917 8715 2822 4404 3507 9326 4841 1973 7146 195 5899 3040 239 2970 6990 9400 9288 4549 4392 6489 9773 3106 2404 2024 2337 3742 8048 3163 3106 3179 6504 7394 7915 6842 6122 1714 8700 278 1378 6870
1000 688
1541 2954 2970 8075 8123 304 1221 1481 6072 6868 7673 6564 7984 4226 8073 9632 8100 7521 5906 8043 4910 7681 967 4306 3395 1846 6004 9083 2599 5746 6355 7735 4628 9968 7062 6880 6585 9664 1891 6232 171 2670 9851 4487 4796 7731 2874 334 6126 5712 3145 2562 3176 2377 1491 8269 2339 7441 9072 138 2023 125 2967 3147 4704 7163 7818 8305 4140 2887 2730 7550 4209 9089 7282 2196 4866 9544 1399 3812 2474 9630 521 6366 2543 7157 8919 972 245 1566 4700 3994 8676 2091 5316 6955 3283 9931 5329 3009 4441 9611 989 6394 2007 8655 3670 9833 6619 6394 9075 214 6340 122 9514 6419 5663 7621 6670 7004 8249 7702 8481 6496 121 3018 3834 1176 6691 577 6466 6510 7912 2357 5801 1186 5315 683 2142 4889 5033 6222 3695 2153 4963 4186 7207 2979 5233 9826 5549 5186 1366 9743 6373 3226 7172 9837 9647 4621 9913 3375 7493 638 448 4695 4990 2383 1040 5031 2620 2087 7501 7502 1832 6836 8210 2450 2806 8243 6700 7683 2133 8810 949 7692 441 2227 9551 1807 2037 2628 1061 6602 4822 2285 6171 5793 439 9025 930 1380 508 2221 5928 1802 8767 1981 6076 1721 417 7437 794 7840 2621 3905 1513 707 7833 3224 447 2855 8495 431 3399 3010 8483 5861 9379 8103 4533 3894 9312 6317 2888 683 5419 3740 128 4331 1281 5805 4962 3777 4252 6267 2921 4154 4129 5647 7445 4762 1590 7309 3128 8394 2345 2936 8325 9167 5083 9932 5655 2504 3124 220 5994 4085 2745 5871 6610 8140 880 8569 2210 7820 8853 8046 4310 516 5633 3059 9774 2121 1656 174 7150 4469 324 2342 8427 6364 1020 6225 5547 9997 5740 9617 7515 2344 9021 8856 5924 1178 5758 4716 5485 3595 9331 8874 1173 4090 1509 7203 9694 1771 8103 5329 9978 6121 7141 1267 1830 8482 2681 7169 3731 9975 228 4790 1932 698 5182 635 144 5215 3363 9468 3839 3451 3149 8222 2949 8185 3069 6134 8698 308 3149 4867 4158 7504 1499 3308 6888 6441 6179 5298 7647 735 5837 3253 9956 9684 570 805 783 3981 9266 728 4035 2317 7407 7083 6911 3593 6773 5793 9755 1216 2060 8140 8714 9486 4746 5539 3819 269 2743 2015 934 7833 9546 8417 8683 4469 8146 5271 2915 4673 3214 5027 6020 2911 8218 4643 8593 4941 1837 8932 4848 3992 9554 5297 1296 6846 2127 624 8465 7064 5441 3685 2720 6376 9175 235 5252 2616 3176 7911 904 7174 738 4283 6873 2530 2032 4350 2390 659 5662 9406 8166 5725 7110 9539 330 8743 7921 2455 2033 8766 5485 4478 9632 6263 9516 7377 4922 5591 1486 3145 704 2023 4334 3750 5747 2511 8324 953 7562 9991 3741 4437 413 3929 4940 7608 6609 5083 2699 1736 5890 3136 6680 1379 3106 3223 3357 5305 2487 5010 1830 3609 469 5526 179 7964 4575 6166 1229 5212 9660 4782 8157 3075 1740 2420 7544 5930 5605 7058 2515 3070 6292 8385 1051 3533 2481 2963 6341 7869 1290 534 381 9326 7268 596 4742 2678 8023 1113 2616 4822 8551 5784 325 8943 20 8874 2831 6427 9642 7263 5263 2888 9071 6641 6065 7117 6623 3862 6148 4792 2038 7001 3385 3144 43 2184 3508 1646 1899 1735 2718 8246 2518 420 1978 4099 5819 5920 5528 6405 6091 5623 1483 2119 1861 4157 13 7266 2953 401 3568 9211 6628 4479 2447 3757 2021 8017 7536 293 1899 8639 5818 8564 6405 6481 1810 9413 2563 1625 4662 8161 3555 7685 7340 6996 3342 4126 6276 411 3509 2422 1426 1926 9484 9708 2954 9715 3617 8032 7691 1766 5344 1002 7714 4558 5624 9093 3874 8803 3460 5024 9787 3248 1034 6587 8763 4254 3475 2808 5308 3295 5758 65 376 493 7288 8891 7413 8210 6308 8581 2958 2850 5016 7511 5702 7514 4281 5783 5024 6774 7165 7412 6829 7114 9865 4665 4816 9702 2564 932 5087 3607 9554 4360 3271 7209 7177 7174 796 3894 7074 2384 1899 811 4157 6352 9737 8989 3956 4397 6577 8284 9860 1758 5030 8209 2298 7177 2337 4673 4311 9068 5909 2134 243 7195 5690 6151 945 1799 2861 3294 5084 9150 7289 6792 449 5098 8900 2964 7927 5343 9891 8980 2289 3293 1563 6485 7007 3631 8923 8702 4235 3692 4689 7066 2278 9120 7294 4275 5293 812 678 3139 7745 5934 650 7964 4935 2690 2414 4699 8294 1224 8441 5683 9734 5068 8669 7370 5653 4189 9791 4610 6003 9794 2387 2383 7689 1727 4343 4732 5575 6947 5475 1479 8976 2751 4466 3909 6619 1553 2634 8900 4772 9390 5135 7944 8372 2309 6844 7606 2891 9182 1045 4486 6602 4342 400 7109 1822 5689 412 8396 345 9152 9015 5628 1415 5525 4696 4963 3690 9769 8497 5845 5636 9554 8811 4317 6829 8965 9493 299 486 5455 4147 2968 5297 8561 9738 7673 9524 881 960 8737 7625 6652 3694 2340 6090 9574 1386 3355 4615 7777 9203 4925 2484 6217 5060 656 1923 6630 6251 9116 6668 7724 5730 6501 8912 7569 1867 3142 7159 4379 4517 8277 1039 2229 510 5841 3345 9458 3255 9552 3842 5176 727 3819 1638 8702 3330 2474 5529 4888 1217 9371 4551 996 9674 2032 8321 4956 2119 3962 2564 3361 7592 7684 6870 8285 986 3080 9547 1720 3056 9242 5122 8271 8436 2131 6650 3051 1494 34 8239 3772 3676 497 781 4597 8479 566 1049 1778 2577 3905 6042 2288 1079 1360 1924 1655 8057 1705 854 75 7716 4849 1582 9644 1309 2607 8013 7164 4610 1189 3981 559 2606 7844 4069 2686 6768 8357 4455 5507 7125 5693 4909 3756 9470 5182 6064 6860 4618 8490 5636 6777 4542 5465 794 5071 9114 4981 8319 8185 6181 5012 4977 2852 6071 7491 8944 2485 1524 9810 3841 9789 1901 9864 7258 7197
10000 1649
9454 9339 2957 3808 7119 1175 4395 3505 669 1081 4887 5566 6321 6586 4323 1286 3941 220 6895 7366 5434 4803 9230 7981 1147 4124 8221 4190 7298 6226 9658 5251 7299 5002 4710 1265 9688 7059 8943 7558 5529 4681 6519 9963 3071 6173 722 9729 1910 5468 7355 7398 7319 9053 5028 2300 7877 9891 3737 3917 3342 1803 5984 2722 9902 4900 9851 3219 6549 1105 6460 8237 4278 127 7234 4778 1264 6522 984 5785 4378 344 8681 5032 3994 8898 9441 7861 498 3409 5586 1419 4540 8460 9241 7592 1041 5363 9224 2112 5001 7870 2234 8574 1466 5409 4709 5958 7704 9880 5748 893 9861 6654 8103 3914 2125 50 744 7097 4229 6415 8355 5639 1994 9596 7141 5461 4672 6002 8702 1608 5449 9801 5829 2939 994 7005 1655 4290 8407 8925 2465 2941 8960 9218 82 1038 603 177 7603 6651 1548 4881 748 9363 3466 389 7037 2809 1307 4089 3750 9288 2003 1440 3946 4499 773 2112 6944 1531 5591 3324 3574 5150 5824 6698 9797 3764 35 6044 5593 3862 7135 1188 1009 4629 1058 6411 3010 2167 736 3052 4046 2916 4373 5389 9453 1241 5402 580 7746 3758 773 5628 976 9989 2050 5465 9054 4493 3299 8027 1313 737 224 4865 1141 9250 458 6492 2655 3745 8309 7749 4898 8207 4007 3067 9810 4143 8577 9552 7380 5324 9354 6962 6289 1937 4089 6072 7028 8497 5065 4861 7758 3719 3217 4645 5440 471 4754 6186 685 2631 2357 421 644 5989 6638 8402 3827 4685 5591 6544 7831 6659 3033 4929 8685 1834 688 4038 9912 811 8181 483 8256 9300 7314 4629 5836 1051 7065 9052 8510 9772 2333 1939 671 6446 8130 5398 3924 9808 1925 6102 7008 4198 2521 3548 6414 633 1763 7123 8150 7045 7189 487 4060 9644 1191 1685 3089 5151 2654 1279 8625 8563 6852 5386 5249 3060 6990 8197 6443 1121 2329 701 1407 1494 3715 9444 663 4851 392 4473 3178 6027 7281 3707 3777 4106 8223 6771 8123 1506 216 9599 7085 4925 168 3957 3208 4408 4653 4641 6886 9993 3351 2334 4637 7105 5199 5897 6535 9817 6611 7274 8051 962 7484 6317 4547 3820 9764 9088 862 7075 1167 7588 9520 2647 5168 9834 3855 163 3344 3413 2104 3743 3029 2277 5547 5504 5938 4481 1445 3669 5736 1503 5020 3272 2135 5477 4382 3413 2786 7389 5345 6782 1987 6434 3816 1556 5686 9689 475 3250 7935 3387 1800 7229 2779 3154 2326 3857 6428 6674 8529 6320 6379 5979 7582 8942 3680 3258 1973 6245 7566 7380 1191 2450 5114 6114 200 9717 4100 3596 7975 5883 6411 2331 4465 3124 9397 7803 9534 1758 922 9611 342 3857 242 6785 9992 7704 6831 7745 3815 5054 4859 8992 9474 2021 9942 1489 5720 4651 6841 628 7180 5723 4102 7919 3575 2219 671 9210 43 5427 8648 8345 6341 2593 675 8243 4723 2936 7512 8698 816 6052 1782 4267 1665 2359 4002 9090 4843 9455 8744 9172 8131 2564 6841 7715 759 6801 3852 2917 8202 8120 6544 2150 7536 5116 767 7790 6349 3600 3412 9003 9184 8364 9472 1361 1219 6039 708 4092 8786 8890 1051 3906 2130 5429 8351 7370 2160 7774 3082 5778 8672 9667 3216 8392 6422 9341 5532 9539 5563 289 5757 4394 1407 4221 643 4248 6656 1486 9157 2981 2461 314 1371 4765 9420 3753 1008 7105 1076 5522 9125 8107 5619 8748 8112 1362 5440 6656 6086 6384 6299 7629 2412 2463 7303 7144 2270 1909 1012 5862 1854 535 5653 5966 5612 609 9723 4589 9644 3092 6092 1306 7313 4381 3627 2822 1118 923 2788 235 3463 691 607 4193 95 7051 5862 5791 5676 9528 4683 7458 6073 9608 6434 4440 7843 770 2743 1672 6781 1383 3700 2354 1458 5618 9292 4564 7951 5166 6020 5010 5932 7863 2327 5041 1698 1050 5284 4673 2420 7814 4205 1286 3385 5171 4096 7211 9110 6803 7127 2932 2282 2020 5011 2028 4047 2911 1711 9071 3569 2923 87 1591 1543 5164 7648 9379 4231 2766 6327 7928 9030 562 4227 3500 6496 8377 9667 5977 2157 8655 7292 3728 4765 4722 6500 3376 5826 6558 3292 7454 595 2582 4841 9330 3284 1479 1243 2685 10000 2146 6520 8872 8099 8987 1969 8199 1655 8454 2494 4009 665 8634 2329 8314 1046 8550 9031 9771 1068 7579 3750 3162 794 643 8075 8636 1982 5574 1236 1166 7362 496 2285 5541 1616 3867 3645 497 8153 9975 2786 4819 70 1663 9355 7771 9784 2824 4245 9386 3716 1668 9043 7699 6177 3686 3800 1595 9565 3270 2358 3591 4849 240 9644 224 9999 4785 9912 6473 8749 8443 1245 7350 5323 3497 170 5572 7032 7358 8438 2064 8352 7915 5646 5079 1664 735 9871 890 2937 2792 353 170 1186 4371 8743 8977 7984 4597 2832 2284 1038 7962 748 8600 6665 1819 5184 9068 5746 5152 4296 1533 5852 9940 3158 3418 4712 9403 3470 541 1635 2382 4707 1915 3504 4310 4280 707 8204 3227 2171 9807 287 4952 1044 4007 6431 668 6387 9054 8782 9407 6396 8621 4404 4939 4524 914 4829 6179 2151 8293 9349 9328 5534 2276 1987 4391 1234 4556 6662 3174 51 9923 2029 3887 2048 9584 6847 9157 7084 6594 7500 1286 7457 9910 2569 7652 753 1183 1951 64 6150 5457 9559 2764 5707 9699 188 9469 3942 5990 2738 9220 9752 2068 4138 4227 1390 5525 8827 5836 4224 2006 3680 515 887 1421 3990 2434 8917 9347 6054 7130 8407 8362 2691 4594 7440 684 872 8158 8085 1807 142 2383 7865 1438 7329 873 8301 897 8279 5911 507 922 3420 686 2756 3475 6463 4238 6092 5940 8314 1851 5610 8732 796 3659 8250 1931 9721 7553 8920 9739 6082 1903 1070 3582 5258 9767 9268 7161 5472 332 9293 6740 7099 938 3128 4072 5551 8608 3527 2705 905 7275 5352 9139 2029 4063 7063 120 9679 1488 4503 6987 6439 5974 9408 9502 4963 8783 9275 8429 4704 652 9751 9258 1413 8559 4556 1191 8049 7353 5254 1692 3997 5707 7 4921 7967 8640 9918 2068 1773 5145 2015 2541 9757 8469 5359 5534 622 6903 7682 6541 2524 6183 5339 9828 8254 8872 6478 6877 2975 6698 6696 6532 6388 6888 5458 2563 9567 2221 1375 9173 9289 2898 3308 5930 7203 9613 7886 1027 7432 613 9127 4406 4897 4617 5907 1896 9302 7272 5039 8605 7352 8477 7604 9076 7309 5869 9372 9866 483 8359 1307 5305 1354 9169 2968 4080 2166 777 2719 8082 8257 3067 5112 7244 9117 8147 2093 8406 4922 1791 3956 9463 2943 9589 7387 2979 2010 4062 4816 608 3586 8966 3755 1728 1894 7953 8270 6811 877 6697 5498 9236 2504 5954 1828 5891 7980 4213 4269 2063 9787 3841 9860 2283 9343 5631 3058 1880 2151 6489 3856 2174 2612 2968 3189 2400 1718 4153 7353 4138 3789 3455 287 1395 9752 7756 9126 2143 3401 610 4201 8624 4144 499 8545 278 8191 6508 5132 1412 8502 2168 9747 4592 1867 7541 5802 4031 9609 1745 5006 2994 5659 8590 4720 3135 7573 5681 5463 9687 9394 3900 5553 1770 6810 1756 5036 7088 8393 8695 7216 5388 8450 6626 4850 182 4463 3449 1870 7410 3226 3058 5960 9631 1296 6192 5922 5036 6450 3200 4601 6712 3877 4212 9421 5520 7371 1296 9141 8533 1405 2837 232 9800 6024 3393 1786 544 8130 9989 5397 6680 526 9960 2910 5040 208 9292 4122 3261 6158 2926 2537 4922 9136 1902 67 9695 2963 5007 6050 489 4522 3561 8856 2098 500 1931 5068 842 1069 1730 8430 1780 3011 8622 4098 5943 3256 8224 4343 5277 8151 3129 4718 3245 6439 2862 3052 7730 2805 162 7026 5924 743 3647 8879 3110 5092 581 8359 6593 8829 7075 1771 148 6691 6472 9331 5353 1470 2560 4852 7390 4014 5400 6440 4138 1499 6061 6741 462 8672 3031 223 9373 4402 2798 6776 4720 8196 8058 915 9998 1341 3829 9048 4532 3361 6666 8492 79 762 1264 8478 4729 6127 5576 7956 6412 2739 528 8406 9865 7338 3263 9344 3571 5257 6446 1059 1096 8287 3953 2117 9517 1229 6985 6355 8878 1414 8480 8547 9410 7992 9195 5438 9574 5058 8407 6202 3362 3316 722 5148 1909 6780 9789 5669 7963 6048 7540 9585 9714 8021 621 1747 3961 4903 6780 2547 1889 1887 63 2496 3023 1336 7052 4407 9900 7125 6582 6650 7757 4329 7921 9787 3846 3826 7400 1630 3865 5877 9808 8409 7726 7962 7899 2668 1471 1752 8231 7869 6052 8422 576 7678 4993 1932 6051 9967 4421 8448 4941 4488 8121 6952 7686 6226 5485 9369 886 1343 1885 5233 3516 7153 299 12 649 1523 9532 3456 9568 109 8435 5241 3653 6210 9831 4589 2366 5333 6857 9462 7095 9102 8187 9944 6217 1453 8773 7176 8878 2550 1525 9400 8520 2367 8416 6444 119 6102 6541 6862 9269 562 2630 2999 7182 1267 7219 5976 3979 9544 8954 8157 3616 3343 6015 3285 4256 3336 5744 3612 4055 8729 9482 2569 2908 8055 5724 1401 914 1161 2797 7603 6251 4267 8368 7823 980 6352 4739 3382 1391 4034 5638 70 4879 1527 5729 3817 4100 9593 3819 3620 462 4742 848 1612 4883 5194 9822 3622 496 4796 3829 523 8463 1384 8939 1557 8953 7893 5127 2064 8559 4481 1371 1915 2120 4510 6290 2456 5590 2352 6189 7660 5608 7770 2905 2647 2780 8180 9572 1019 3971 7663 4692 9582 5631 3747 9719 1179 1442 5078 8798 3488 6517 5306 7411 5399 9228 1644 9119 6353 3935 5961 4336 4848 3952 2901 4033 6104 8044 688 5608 3690 2640 6983 4767 8468 9523 6825 4210 6074 9795 7335 8051 7268 9596 349 1581 4332 430 5201 8852 9511 5059 9093 8476 5062 7298 5996 636 452 7490 540 5581 3636 5761 8272 9666 5081 277 1786 5785 4628 3031 853 1402 5473 744 7098 5354 6916 5185 1735 8481 9511 3019 1274 1707 8996 7224 8930 5473 7867 9820 2254 1925 6395 6981 5078 6461 7405 9348 5044 4298 3600 767 79 7571 6667 7268 47 280 8799 4233 7983 3490 7304 1252 6888 8715 3731 9374 7502 970 9693 5235 9921 7591 4718 1725 5609 9594 8028 8403 4362 6442 129 4847 5888 7071 5549 4948 4573 8322 7543 7864 2800 971 7617 1970 3114 7236 1138 3239 5105 3782 7852 6860 1145 4819 1993 1573 6458 4837 2872 8709 1950 6116 4861 7839 1564 8898 7737 8678 7948 2789 1628 2200 7242 5842 802 3304 6972 8120 4949 1021 5151 9669 3164 1561 9395 8787 1598 1821 4621 9580 7462 7023 5885 3150 8506 4218 4398 892 532 6863 7179 2972 1494 2372 9843 8637 1278 2283 4803 8861 9821 4356 2698 1018 8294 9954 1008 7415 7056 5182 9281 3657 9766 3325 3295 1390 6496 1156 5052 4716 6912 2068 5123 3716 3532 2853 8479 5931 2067 5559 4686 6119 8529 5332 264 6955 4441 1024 5388 945 5065 9216 3179 1985 3567 8397 4861 9483 6983 8809 6241 200 4292 2147 4467 7922 5156 257 344 972 4397 2580 1669 445 7793 2616 8342 9887 2469 8245 750 4078 1710 1944 4138 7826 1849 4759 3997 7328 6095 9856 9711 731 7920 3187 6148 4860 1064 6721 2737 7282 9299 7828 4898 3273 9001 1371 7093 1199 9347 4291 6024 1839 2951 6788 7789 464 8440 2570 1793 6056 8777 1804 3364 9245 6052 8826 8937 8931 3768 7163 8367 82 8 9200 3143 1419 6421 5929 5537 74 8130 9969 8375 5288 3089 9815 1428 2351 5118 8064 1714 8116 1140 2379 5228 648 8059 2571 206 653 746 6513 9647 1744 1760 25 849 3577 6683 49 8212 8168 8045 8969 2427 2536 3802 377 792 1418 576 9470 4413 940 7206 4914 8744 9007 4181 9510 1406 9568 716 2621 2163 3768 3687 9974 375 8714 6906 2053 709 3992 8885 3360 732 7256 5638 7775 1232 2436 6390 5536 1008 7611 3539 1405 6181 2697 5865 8584 3631 3940 3663 1455 964 9081 3679 5101 2140 174 6099 608 3585 821 8601 5947 3501 9205 5714 1038 2178 4533 1956 6338 889 1476 346 9908 1469 6496 815 7373 3397 4971 3136 8383 2178 238 2692 6780 7268 8232 6928 7956 4117 1895 8600 7291 3576 8515 3876 2282 6924 5048 4991 6969 4132 9437 4126 4545 4355 8093 4815 981 1650 7331 6243 5397 6122 5506 9895 275 4369 5099 3213 337 325 5792 965 9142 1871 9085 9039 8321 262 7024 5207 5023 1855 269 8525 4849 3793 2825 9593 350 7887 5971 4533 7310 7248 6622 5701 8941 1955 7989 25 9567 3767 146 2641 307 6454 1114 2744 7085 2381 7224 625 3571 1832 1256 4346 5692 2143 2597 5671 8674 6109 4615 4287 4137 7645 1401 8261 2984 4770 2976 8903 8043 3953 9884 1732 2045 2679 7580 4675 2775 711 5912 7226 3173 641 5299 4727 8520 2010 3874 2700 7465 4125 9280 6333 8301 1468 1462 8141 5171 2657 4446 6415 4789 127 6052 6636 5539 5449 6229 4357 829 4360 2820 4361 9663 6615 5000 1550 4801 6425 6141 6986 3042 5038 5481 4721 4699 3936 9495 6234 5700 9360 306 8676 5586 6427 9687 601 4375 8 4045 4950 1391 8332 802 2479 6354 8160 1544 134 4088 7979 1140 6891 659 8115 7339 3024 3896 1014 2809 2784 8826 9304 6986 5510 7624 9213 9841 5767 1218 4146 1317 6924 9904 6535 9315 4687 336 8400 5814 5617 2038 7333 3820 842 7406 5699 5571 678 5641 6449 2248 4022 9958 3624 1985 755 4812 7321 7679 3515 8404 4713 6433 298 4030 3688 4725 1615 1000 8086 5663 7883 4574 3191 1293 4061 7797 9472 9806 6940 5356 2605 2626 8288 5003 9920 8513 9278 1795 2948 1477 6714 1859 2056 8274 7456 1920 605 8823 5899 1518 6906 4623 8411 2601 6639 6887 307 1298 7603 1416 9525 9968 9080 1531 2829 8094 8251 3220 2637 4844 6221 8198 8462 9151 1350 5042 6246 2335 4433 6669 7409 5920 3249 9014 457 7275 6330 380 4761 9067 3227 8160 6568 176 2488 7536 4268 9973 5582 5965 4763 8392 6054 4822 4741 8941 9987 1263 8113 6293 7804 1510 5677 4718 2761 8536 646 5390 3034 6023 6196 9426 820 5816 1311 2930 4097 3908 3567 6871 2480 2615 6287 8847 3166 4576 257 7543 4405 6819 5851 6935 2025 9897 7560 7899 9392 5987 7705 9195 8403 2832 9035 7033 6587 1870 1532 2386 6567 9429 1489 747 4796 5076 6075 7958 4271 2088 3073 508 8458 4929 6690 6412 8734 4706 742 8686 8549 6032 8795 8279 5474 6754 7161 7535 9197 2263 4414 3072 3841 4639 8760 6567 297 7212 3493 9818 3808 6387 5574 4378 5399 2100 4670 6672 955 3102 9021 4131 8731 49 8090 8639 7595 893 7171 9632 8926 1327 4268 8192 2205 5041 1351 8120 9395 1645 3143 7921 5962 1477 8781 7239 305 3737 4928 3742 2756 5673 5828 3485 5901 6388 4279 6678 1315 9956 9263 2781 4468 6859 5171 2807 8059 7423 2784 438 8055 7691 481 3723 4116 6091 5411 6758 9984 1601 1618 9532 3656 6614 8114 1969 5335 7927 5409 2060 4249 9318 4829 844 3208 7266 5208 7917 2491 3344 521 5590 8977 3222 2575 6529 3203 2747 534 5820 6719 2727 18 7269 9914 9888 6330 8653 2077 5749 6238 1948 5442 6538 8300 1854 1028 4367 978 1301 2983 6276 2932 8708 9702 5408 1284 1232 2057 661 3906 4770 892 1345 1098 2700 4894 263 8665 1770 2887 8946 5303 49 3528 8754 316 5059 4112 8648 1630 7082 8894 741 2616 7069 7366 5785 8 775 503 3448 8334 6165 4211 9671 2247 2679 8985 2438 6321 8421 5995 4687 6063 588 7548 4880 4607 2109 8474 3706 4858 2293 3389 6703 5877 7620 525 9419 2854 9974 8316 3654 2950 262 8862 7603 9650 3678 1665 5872 9328 5483 571 4790 1716 6572 9595 4501 336 9405 9615 9011 7983 1854 2311 3505 6138 4579 8542 906 7328 3044 7797 515 6170 2778 8548 3152 1591 8225 401 7668 139 6745 6183 7852 9507 9112 949 8239 6588 3446 5113 4960 3525 4915 345 4378 3425 2804 9011 6811 2086 2204 6442 4272 3470 8827 5778 6086 5154 758 6081 5031 7211 5772 4728 7247 591 9702 2244 3136 8428 1935 9995 8939 3110 8232 5565 2819 2263 8860 9614 4590 8341 2822 2479 9919 447 3706 9771 2784 9517 8841 9036 4317 2390 7973 3066 8188 7104 6307 9454 3769 1073 2126 7062 196 2805 6046 7115 4789 7480 970 3896 9287 2395 289 6271 9832 5412 8857 4640 8585 2453 650 922 1466 9272 3487 1457 9115 4372 2659 6955 9815 7711 1764 3572 7834 2300 3667 4139 8628 2462 7948 3046 5054 5781 2966 1351 8120 3874 6081 6560 2762 8213 5206 1656 1617 1272 5250 3881 2892 9127 4926 9550 106 4717 3179 5602 4231 8477 9810 2876 2512 1189 4075 3323 7553 7035 5060 8608 641 6068 435 7685 4876 6656 4904 4546 532 181 1460 7533 3888 8715 8190 5367 8031 8274 1544 5679 8907 2846 9311 6816 3928 5908 1626 6775 4686 782 1341 5444 4116 3276 2886 595 9662 2384 2325 8767 1681 3251 3003 7051 9889 9308 485 9188 8440 3353 3773 3675 8546 9192 4 8524 7555 337 5149 150 4547 6116 5003 8951 1531 2035 1493 4090 3725 2668 2352 9698 6662 5419 5466 2237 1280 1844 9153 1116 2292 6181 7822 6681 5700 2507 3841 2485 1557 2346 9352 4169 3514 6917 3660 7172 6817 7713 7632 4056 4300 4831 321 8777 5471 1128 9891 8916 8649 4500 7882 5564 3340 7656 8864 2889 8886 9216 7542 8977 8468 4020 7497 748 8007 1584 9520 2672 9129 1560 5821 4700 95 132 2540 3554 3487 6683 9407 4482 2786 5154 8941 6713 4516 3875 3179 439 7320 4507 3883 6110 4520 6841 4638 4031 3041 4610 8510 5835 8798 4278 9282 550 6341 6013 4158 8535 6164 814 1892 9717 1141 5990 1352 2488 9858 621 8510 9743 7922 2806 6188 7782 7286 7148 666 5512 7436 7290 2057 6696 8446 5932 2204 1024 809 4494 6360 6263 170 6684 9176 1359 546 2999 7113 7178 4352 2476 6497 3827 2583 5506 9657 5020 6410 1767 2731 7646 377 5266 1983 6382 2304 7992 7638 7213 5363 3852 6316 3022 9646 869 2588 3955 8747 7701 8104 7363 906 266 1574 7026 8014 5763 270 4045 4298 3819 1968 2280 2335 2927 4115 6288 4932 9263 5991 3047 1352 448 7846 1935 9523 3580 8977 9913 2504 6208 4674 534 8193 9512 1551 1671 5832 5567 2633 804 8841 543 9226 4987 5174 1092 1062 1102 6918 3594 1182 171 7613 2773 1274 535 7000 8613 4368 3374 329 7596 5465 4179 5926 3537 3750 9824 43 1845 7117 424 1976 7497 1977 6175 8358 7750 607 8203 4300 1451 7108 446 5285 2589 3883 3038 2225 4628 4463 8108 6354 5578 8027 5795 1398 1774 1227 82 327 5347 6950 9014 2742 7173 3362 8971 7398 8879 8051 1155 7952 1183 2674 7822 6587 8784 9290 9725 6238 1006 2831 6466 4523 4020 9611 9571 1166 3537 6373 4133 1901 2227 1700 7362 4416 8934 1521 2882 7778 3083 7774 3879 3721 9295 6016 7715 9918 8962 7710 864 3899 6933 6511 6211 339 9892 5155 2198 7385 8425 9547 391 8916 21 2653 8759 7651 7009 9578 1572 1387 3260 5386 2977 3417 2028 1881 5156 6036 402 6443 3103 7187 7238 255 9863 7018 8166 7021 1031 6701 8333 1412 5477 6000 5079 974 3746 2000 9369 6023 858 7520 2792 5505 2007 7971 5452 1923 6798 1695 2014 9627 9155 7495 9 4517 8344 4747 3519 2443 5789 7128 8873 5257 3990 2744 6708 3700 4791 9051 4607 6040 8463 5496 6641 7489 983 1275 5817 8889 2559 9059 6021 1284 2315 7921 8218 7831 4849 7197 8115 4002 1233 2886 4392 1582 3479 2037 8988 1225 1125 3034 8876 2597 9991 5249 4176 2545 6696 8213 8383 8574 6601 5814 5239 6701 6941 5373 6998 6571 5748 7960 4370 4384 1642 2069 2268 9842 8543 975 9747 3645 5337 3818 4121 2262 3591 1798 2786 5323 5395 5688 9244 2767 3970 806 3063 2805 691 8001 7856 6731 6872 172 2039 7443 9354 7581 4166 9743 8934 2560 8682 4727 9748 755 5948 4195 3270 4397 6171 1133 5676 6202 2438 9639 3688 9475 6463 4055 8153 4402 8260 3449 4622 1168 7878 8011 7766 1371 2499 6774 1461 3151 6823 7709 2452 871 2628 9795 6488 8105 8115 1718 71 9942 9030 9885 6433 1356 8985 345 3961 1889 9638 8861 546 462 4890 8186 8403 6965 4019 892 3111 8184 9085 1262 6364 4530 267 6720 713 3804 8989 6411 6812 8062 527 4410 3891 7162 4713 9639 2372 1226 8675 861 2593 1342 1236 6660 8173 2290 1362 1111 2374 3145 6456 729 1026 9806 2694 604 2552 8591 5625 6571 7267 9706 1900 1615 7055 1582 5100 3944 3083 9640 7173 9596 6681 5704 9069 8451 575 4612 4290 3654 2010 4619 501 6173 3548 6505 3223 8724 4566 6601 5912 7579 6090 6450 6814 6122 3673 110 7037 1254 1895 8659 7616 9724 4682 6172 598 7791 1876 9230 1564 7966 2206 7280 4990 5255 370 8651 8582 7769 1202 6491 6165 5237 4230 8513 5674 104 9946 21 9607 3288 7586 3903 4189 114 5578 7179 4573 8385 2191 8597 8539 6258 5305 5410 3767 1107 9893 1608 6879 9062 2288 8852 8293 9316 6939 1438 8535 9357 3564 9396 6244 2010 8252 4028 9441 4939 3504 2670 1082 9027 825 9512 5393 3190 9198 1261 7394 6604 1499 7703 4713 1095 2138 3532 7700 7093 755 2375 5069 1225 8706 7820 1985 2733 5412 469 214 149 446 243 6979 6815 6506 1315 1989 5887 7798 289 3126 5863 8380 5549 2110 3725 4691 3428 4593 495 2958 6314 5515 379 55 2531 524 918 410 6258 6783 6127 8881 3675 7185 1825 6302 2353 8526 3918 2671 4265 9347 9800 3626 3953 7890 1090 3616 6733 2337 8029 736 4569 3229 5641 5834 4095 7578 2944 6652 7309 1108 1496 9830 7320 6754 3028 1580 5131 2859 1979 7648 4933 3201 1078 5232 6158 1631 2519 251 3027 6998 8614 8528 6132 1021 6123 2163 1376 8412 4955 5203 6888 1301 2157 6561 6149 3044 3963 8660 8518 8373 9382 9192 1796 8628 9245 8649 9590 6346 7386 8410 5552 1498 8691 7151 710 5693 2443 281 3624 2405 9381 438 967 8054 3624 10 2401 7159 3166 8904 3178 2431 6306 9784 2098 8660 7480 525 37 3080 2334 4384 5200 9104 7690 7437 1341 3533 1309 9730 5655 97 2644 3742 4936 6474 2929 4237 5683 6820 3003 4208 2352 8431 9156 7293 2021 8170 9669 4420 1246 6599 4898 8219 2960 4464 4571 7219 4423 3164 625 3238 1459 6687 3236 6062 1250 8071 3724 2212 4542 7486 2598 2966 6643 422 2004 5199 7851 3330 8815 9054 7167 9675 7502 8768 1913 523 9483 3814 5827 43 860 1867 4463 6170 4690 9225 3159 7363 3213 6115 8369 9067 721 2365 6797 9230 2531 7252 4760 9198 6515 5153 1008 781 4847 8349 9276 9637 6113 9638 3470 604 7697 9956 2935 9861 2805 9611 1561 2855 2421 6443 6995 7058 9675 2345 9064 1775 5121 4685 7021 1407 2161 8452 6946 2299 9986 8107 4812 1191 7237 7590 3537 715 9114 8246 8966 1324 9732 4507 1990 184 6028 4450 1421 4159 9349 1873 2670 636 8682 4676 6516 95 9379 3868 6778 7518 6128 5683 61 6207 388 7234 2244 2706 3573 4181 1270 4761 6542 4239 8837 2220 6328 1254 1792 3021 5183 8014 5376 4817 4010 5767 9049 1105 8446 7058 4368 5949 7080 3248 8948 7940 1871 817 2444 1382 1124 2353 1341 4242 1291 8453 8429 8462 1121 8952 871 40 7279 5665 3596 8827 6456 7422 6118 9410 6771 5440 8901 7569 9865 4045 8360 2189 6945 848 9636 237 2639 556 7834 1200 198 5866 2883 3391 1609 4701 2745 4050 5324 7227 4544 5545 7830 8011 5630 2214 9756 6296 9770 6961 5213 4714 8250 2134 5204 7249 8359 6731 4219 5204 9592 688 2783 4756 7131 6371 3480 1004 3009 2980 1897 8313 8110 6799 9917 1507 2416 1570 8072 8588 9097 7032 2487 3635 4734 1107 2853 4563 15 1944 2171 4286 6797 7977 6702 2070 2128 5828 7778 7402 6621 2369 5045 8902 9778 6753 6247 4709 6920 6040 4134 3671 3654 2886 8034 8274 1787 3706 6169 2581 9880 9736 2124 8019 3543 9948 7863 1989 3312 7278 9776 7372 4416 1656 5638 4843 3370 7242 2788 1719 6902 5102 7092 2381 6031 3320 2495 1309 2546 3862 3792 7699 2800 7016 4038 3336 9372 5536 4594 5574 6768 2563 5827 1798 9519 5965 7089 1331 6347 4360 85 2311 1770 8990 9386 1400 8062 9306 2115 7231 3509 8610 9070 5665 1573 997 1985 4409 8515 7362 5241 1181 9915 3269 1613 9866 2308 7484 1872 1569 8783 7688 3649 3248 7032 4823 281 4891 1883 7720 6470 6167 4620 6369 3098 8109 5772 3886 526 6670 4120 4979 3512 8908 352 2792 7971 2988 417 9220 6348 706 4042 6924 4964 8823 8027 1392 172 2124 438 3201 9714 9286 4182 5342 6349 6822 2518 5743 5760 8813 7523 7458 886 2327 4862 52 9848 632 765 2558 9139 9971 5803 7607 2874 5940 6938 6935 1897 6253 9373 7181 8801 375 142 7319 321 9659 287 6104 8962 7051 4436 16 8475 8858 984 3575 69 7746 9476 2812 761 9522 9892 7995 7829 2599 8151 6766 1626 4055 8673 4726 4805 3379 7675 7746 7951 1641 2092 7405 5621 4900 1692 6757 5018 1933 9600 46 174 6707 4921 9858 5953 2018 2829 1740 5959 6313 426 4225 8959 552 4733 412 9396 4717 8586 2030 8273 3373 1227 4799 944 5780 7659 6799 81 608 4417 968 6275 3299 474 8793 2572 7375 860 4379 1042 77 578 3014 1784 3781 444 3612 8623 5490 3702 3133 9550 1505 5223 3374 1082 9033 9900 8415 8096 5378 5567 1850 1499 2438 2856 4173 1838 618 3152 688 2913 6600 8514 3277 2908 1983 6415 1637 3532 8078 727 7220 4909 5724 9347 5713 2425 5699 9160 2284 2560 7146 3827 8204 3966 6385 7274 2105 963 5005 7156 411 6701 3061 3112 1109 5752 3183 836 5095 622 3458 7219 1087 40 1210 2558 4651 414 1985 7728 7044 206 4797 487 5067 305 8069 7418 5147 7089 2864 7457 7293 8101 7525 9834 159 5141 5782 433 6400 4884 6150 8479 3792 878 8319 8614 7902 8173 8792 1603 1274 6124 5553 6424 5487 9777 7682 8217 462 3374 4352 1680 2734 1696 8828 3088 7135 2514 8009 5909 6841 8442 3611 8621 1627 736 7220 4106 5917 8041 2725 1812 9573 5134 9253 3759 4928 7905 3134 1826 6312 4178 9658 5932 9927 6778 3112 7127 7438 8755 1205 7985 2150 9017 9171 8804 1111 7289 2528 6342 2410 3877 6364 9342 2522 2897 6803 1126 8969 9294 3708 6292 816 9633 4392 6959 3195 6959 6493 7237 6774 3442 613 8836 6176 2012 3773 5020 5291 9611 6008 2456 195 6507 5453 3649 6483 2867 7217 5241 415 4419 52 2864 1594 4252 4081 69 2647 4558 4917 6735 1297 2872 3591 1969 5043 6924 4078 8044 9883 5910 9122 4848 3806 6763 4969 3187 6202 4883 1819 9288 8072 4298 4386 2432 5243 5400 4738 6344 8240 6138 7816 6602 8742 9816 1479 5130 3297 8449 776 5592 7146 2322 6038 7865 9776 7125 1112 7052 7622 2314 6697 6084 3564 4638 4529 7068 3867 8160 4861 1252 253 5720 8411 8301 8578 9264 1209 7702 7784 1438 3893 4268 7388 1905 7208 1346 959 1793 6012 2930 4722 3672 5017 604 3666 2517 1185 1053 8162 2353 8607 1810 9083 3376 6919 4365 6330 8169 7643 3687 3499 3488 9044 1484 2867 1869 777 3701 6075 6057 8819 1306 8238 1593 494 7306 6462 9272 3108 4209 3376 2033 895 9278 7632 9858 5806 7081 6691 8018 3061 6260 9964 5918 532 3764 5259 818 5945 1946 6998 6036 843 9975 1617 3925 5017 9224 2850 4099 7206 4259 7038 5465 2048 9871 8241 79 3134 7264 61 4703 1248 6455 6009 3071 8474 315 2220 5000 5460 4521 8608 9494 9822 9662 2339 2523 5026 8720 4884 5875 2902 6734 9671 7423 4998 6715 742 2900 9200 509 9296 6869 9043 6229 9381 8532 1966 9810 3728 1892 9253 5755 3346 9950 6916 5160 3684 607 7859 5398 2180 9998 4423 613 3169 2596 4258 6378 3062 871 7819 9045 8968 3127 8658 6863 7103 7073 7866 1040 6380 2004 4290 2312 6869 8766 9669 3588 4561 3492 5834 3249 2412 1470 726 8555 9619 3892 1456 1957 8540 2476 7428 4345 5203 6503 2324 2200 3357 2149 5581 696 5268 5146 3483 4036 9245 1587 1867 5086 1002 1934 8504 6619 6970 965 120 9202 406 2666 8614 6616 724 1716 6607 8647 2916 5479 9337 2039 3632 9492 5776 2512 4137 8758 3721 6759 6172 8308 2623 60 5612 7221 7665 2459 3274 955 4186 7646 9426 8003 5510 8657 8592 9252 9191 8118 4565 2396 2703 5754 7372 8547 1581 2052 2589 2309 8070 101 8460 299 2858 9580 897 7314 2048 2151 3944 4292 798 8543 2856 2630 2508 4419 6615 7705 8135 6602 3930 8852 109 5538 232 7322 6853 9068 4223 5223 8381 2847 4331 8733 4912 7835 9226 1730 3419 7733 2681 1696 8915 4774 7560 3288 9735 8852 7473 639 1033 1805 3135 3623 2526 312 9015 5903 5595 5502 6312 2050 9365 677 8874 9822 8219 7225 7012 9404 575 482 139 5332 4651 414 3996 2143 2470 6027 8105 6337 5023 8325 2706 9955 6262 4776 2286 1585 2437 9943 654 7334 8528 453 5955 7241 4950 5961 4761 1597 2732 3048 7894 9971 5711 9488 9526 476 1700 3941 5029 1228 3517 1473 7231 8136 3419 5971 3380 4421 5881 9981 9912 5504 4475 3105 8089 689 4800 6672 5071 1037 2339 6435 8513 2867 4506 4916 5276 1656 2427 5120 4687 9688 9644 624 240 2680 1437 6071 8883 394 5444 4148 5959 2305 1479 8170 2076 6355 3108 7733 5480 2202 1717 1140 9872 7792 896 5908 1244 337 5244 1883 7145 3312 5560 5197 470 9757 1235 6475 1453 8726 4774 9374 2840 910 533 7670 5465 1462 5859 8494 7153 7420 7812 8789 1891 6341 9738 4260 3215 1812 1921 4055 4700 9967 9656 2914 5570 6208 6560 6942 517 2578 6040 7530 9427 804 9359 155 4403 469 4304 8015 6436 57 5014 1174 3387 2647 8012 6062 4293 2794 1431 8061 1935 4844 5865 9186 8002 4360 3389 5764 4234 8032 5834 1038 917 5317 34 8980 3006 7552 2463 3089 9375 4447 3600 9708 2004 9723 4506 2803 4234 5401 778 8568 7695 99 9319 3492 1662 850 7380 1195 8436 1678 6338 8778 5908 9259 8351 7754 3151 8514 592 171 8090 9303 8413 3098 8062 2407 7677 9124 9247 7932 5490 5785 4516 5164 6064 1859 7977 973 3252 3335 3515 5071 1549 8983 7925 164 6208 6666 1154 9388 1706 8692 7319 535 6244 1086 9765 2749 9140 5772 6092 8089 8487 6721 8609 6451 8527 6816 3316 2640 6562 307 6476 110 165 493 683 9676 5988 7477 1098 9785 503 4997 1106 6895 6743 5284 8740 102 7088 1365 6448 4930 2998 926 5572 3626 8310 2260 3069 1893 7458 2555 3936 5099 9973 7892 9714 7930 1850 7914 1690 6802 3044 5862 1253 4747 305 6150 2592 3193 1729 1216 6226 3300 3498 9553 9953 3712 289 3900 3522 9039 9160 3068 4103 5796 865 5873 7271 7830 4643 7071 2722 2912 8313 6657 650 6990 5096 4667 4664 3922 6197 8481 611 5769 3602 7823 6842 9222 1031 1169 7361 7734 3822 6918 6432 7774 3675 5557 3800 7663 3353 6804 9806 3927 622 7029 9463 1661 8672 2314 82 2689 2456 5640 4417 2956 9 9971 6847 2705 2758 6076 6249 3289 2599 8695 2904 9836 6525 3214 6959 6877 4811 9301 5539 9136 2118 9187 7769 3048 7518 4789 74 9858 6051 1024 8280 7533 7973 6550 6057 8887 264 7310 7012 7987 4415 8948 9490 7097 2223 882 7827 5985 5244 6146 5481 308 8700 2292 2673 8864 1492 6607 9649 6668 8206 4718 8734 6284 828 3106 2094 6947 4371 6323 2369 2762 6507 5596 829 4592 5050 4188 9747 8408 6334 7810 2574 8117 730 4741 454 6317 1644 1858 8521 8639 2639 6453 69 3216 3748 6101 8693 419 4033 9417 8464 3570 227 7551 7600 9741 9935 4858 4120 4042 9648 9172 9620 2079 8044 3217 4838 1550 3837 7353 9704 6009 3279 467 2101 484 4029 6644 4200 955 6297 9853 4746 2391 1881 1404 9593 3066 858 9000 3389 6105 2955 9445 1126 9220 430 4956 9267 2879 5105 6341 1168 1432 2592 2833 440 7660 468 5191 3277 8533 8918 9686 4024 2654 2209 8217 6986 1671 8991 277 2473 3053 7792 8768 2972 5687 19 4189 8724 4333 5593 138 7314 6891 1210 1969 3296 5883 1345 6255 4600 5329 7852 9763 2275 1604 7321 1798 2173 2147 3856 2655 7549 359 5332 862 8309 9920 3084 9426 9185 3304 2911 2002 7615 720 6733 4863 4708 7038 6077 1081 4919 3065 3634 3587 8213 9861 2413 3228 1779 9384 7545 5325 2710 2044 8074 296 8084 8381 1514 9523 6499 4482 4416 5719 8669 2192 3864 9232 1196 2170 9644 3448 5558 3021 9188 2464 7491 5738 1594 1204 2701 1912 6030 3686 5096 1285 2525 3644 2034 7100 6666 6084 8622 534 1507 905 9140 6530 4363 4474 887 7198 1076 1863 5649 950 6583 2653 4307 510 6106 465 4791 6411 652 8641 811 484 677 3532 1377 7811 9803 2665 9270 7792 3998 2133 2912 7494 5657 6134 8587 2941 7956 8510 6515 3347 299 4003 3445 1702 5892 8984 2811 1717 3350 165 158 259 1672 4819 4796 7303 6763 5307 2010 4579 3217 8170 7261 2279 4191 9227 3307 1909 1867 5251 2918 6432 5435 68 8011 9754 6537 9605 5973 1054 2809 2761 9228 9936 6652 647 6601 2090 788 4825 3800 5645 3619 3307 6622 6429 5693 7041 1203 7834 683 2171 8627 4364 3421 8360 8447 3663 4495 2493 4517 5266 9115 6683 1494 9731 9584 2640 1337 7074 1071 9610 4370 9962 3346 2458 8994 1161 1983 1123 4834 7464 544 9325 7941 4631 8865 8942 1130 9960 9717 7686 4041 7478 7391 8272 9963 6706 9775 964 7681 262 7298 7022 9683 7455 6203 899 4434 1720 94 6375 7622 3539 2037 4981 7110 3277 4793 9597 6131 9616 9071 3680 5296 8537 1339 862 1570 5812 2700 9302 9147 5537 1585 3907 3761 1129 9026 409 5446 8072 9544 5672 1766 8210 2874 194 3311 1098 4996 7434 1709 8442 1055 9729 7965 6800 1628 4970 1564 9635 196 4308 4706 5911 6063 1467 939 9451 7075 759 6676 2968 5646 1348 9556 1423 8801 2283 7917 1770 9112 6142 1186 1996 3978 4766 4245 2366 8981 58 172 9922 8347 6383 4665 2410 5728 8665 6886 5246 6364 301 8761 5180 2495 1010 5250 503 7560 4213 2553 7535 8929 1885 5897 1294 8346 511 4907 4684 3307 2235 681 7122 6180 8080 1690 2102 2821 1896 5767 2825 6402 3011 7606 9949 9584 1326 6815 1547 5749 9154 8245 4291 8389 6813 4138 2717 3639 2351 8348 6892 1675 6265 8150 3162 3708 6433 4353 1674 1771 1720 2725 69 3245 9034 4832 9577 5090 1794 9422 8067 4560 5721 818 2986 6965 2572 7756 5989 4969 6840 6052 7725 1250 5964 7963 69 8046 1659 2222 4757 4242 5270 8049 5893 6812 345 5410 2752 9056 1990 7705 7709 1272 1656 1339 860 8282 8558 3855 1547 9871 9594 1311 588 2658 5045 3952 7088 8515 8772 4132 2496 1364 2532 7511 73 2281 6044 7502 656 4649 4044 106 2631 6796 9315 6 665 776 8705 3670 557 1411 8956 2394 6693 5714 6981 5968 5453 70 8178 2395 4629 7324 651 6912 5933 9587 9540 3682 2890 5365 7421 5139 2997 7924 7139 989 1650 945 292 6524 2384 8609 2348 4715 3739 3776 4372 556 2725 6568 6883 6495 1693 2634 3355 396 9467 6498 8647 3518 2531 4394 4519 1246 6574 8915 4392 6769 4036 880 91 2806 1511 7502 5649 7656 6542 4587 3098 8528 9268 4581 6476 4313 6318 3460 5359 3531 9988 7348 3328 887 3857 1485 3772 4022 152 1763 8665 19 4213 3069 3209 6496 5840 4779 161 5969 8701 9296 796 8560 3356 811 8422 2690 4868 6171 7135 7032 6847 3659 2233 2389 4623 5655 4263 7031 2526 3453 2641 6129 7450 3452 4181 4199 6664 6142 1811 9333 6296 9144 5453 8758 8873 5445 3984 2794 215 6500 9027 5689 6511 3982 2888 2535 7497 7133 3589 3815 113 3304 6772 1156 4585 7807 9598 8157 416 9408 6296 6310 1929 3839 7366 2221 7931 5964 4751 4241 8545 9770 3959 6556 4267 8611 6075 7215 3039 4975 8407 3176 4950 1223 8438 9971 6208 3353 3446 7683 1917 8075 3990 727 1270 378 1671 1833 7397 7174 6357 1018 1901 1481 2385 1908 6910 3997 7765 3421 5455 7100 1084 575 2286 3072 6730 3609 9961 2728 7519 755 3491 4154 4083 7704 8908 1978 1702 3651 7757 3713 572 2404 9214 7020 4258 6644 3556 6656 1421 5237 6689 4321 545 9979 1596 6592 9664 5054 5897 8111 4002 2562 2068 8070 4845 1034 9438 7437 4970 9096 461 1980 93 2399 657 808 8144 9116 5505 358 8343 3758 6352 1941 5956 110 7846 2462 3296 5358 3960 3614 9211 6155 3226 9566 9585 5058 2557 6507 5328 7003 9509 92 8794 387 1870 2536 9088 1178 7275 723 4950 8588 1343 2483 2719 4422 5557 2160 2796 8855 3150 5200 2695 1944 617 7883 8315 99 40 9507 5636 3122 2833 2233 4752 7631 6117 7379 4920 1580 5673 3817 3180 9408 862 3311 5185 1378 3872 1853 2909 7243 6362 9477 8149 7422 948 6046 3668 6540 6989 5977 9229 3137 4549 5566 9355 5680 8692 5692 4224 5072 9138 8886 8564 2459 8317 8604 3725 2469 7775 9450 4949 2263 5912 7273 9887 6779 953 1869 6339 2906 5215 9966 2537 6157 62 2588 1495 8645 6859 9973 2594 2438 3501 8782 8407 2606 9519 6439 4604 3562 3671 798 2256 463 8410 2973 2439 6342 3297 676 8348 1100 9177 9103 3322 6245 5567 2436 5662 8235 1318 2383 5990 9163 8665 78 1640 885 5071 8119 2118 8985 8114 820 5931 8908 4965 8221 4146 3933 2600 6992 7181 2245 410 2007 2845 6031 4020 2128 3198 2492 1887 4781 1906 6143 9702 2849 8057 8159 6176 3725 6277 6553 6377 2888 2876 1891 652 8555 9651 4653 6841 4016 5532 7741 4813 9564 3333 984 2271 8059 3395 4725 4591 7617 7777 2424 3004 6968 4222 2897 2782 4963 380 5205 7494 8120 9064 7358 1605 2311 558 2418 9434 9291 9144 3126 4729 373 6572 670 5773 2755 892 8852 8551 1796 6080 27 2816 2495 3577 4665 9575 6015 2708 7060 3081 2891 2964 844 6377 5013 3108 1281 6605 4916 3962 6637 3258 2161 9388 3914 7209 130 8887 5583 7265 7785 9934 4576 8087 2278 3787 5493 2403 7488 7542 9688 528 2137 1631 8440 2227 2123 6693 4980 6667 8129 9363 7654 9257 1129 9480 627 3510 6347 8447 615 6750 5758 5477 2375 4112 4630 5323 4695 7261 7399 8130 1699 4956 5571 25 757 4453 7855 1820 9382 3086 4199 9252 6838 2338 9370 6302 871 5813 1387 430 3776 813 8061 6295 2017 5622 6492 4419 2662 9043 5963 4768 252 5833 7025 7936 9249 4832 8319 5473 5963 8421 4350 3260 4841 2594 7780 1090 3823 9840 1739 6009 4372 3066 5277 541 1531 8322 1446 3805 9704 6022 2761 796 9358 4819 7471 7881 5056 8873 7188 4058 6488 5508 6903 9008 3293 3122 3573 8027 2968 9125 5240 2692 6602 462 7530 2312 2775 854 3377 5081 1079 7485 7828 5827 3325 4731 4685 107 2401 4855 394 6247 3933 8755 4390 1145 5422 2490 105 5384 4845 6240 4569 1848 3370 6926 8956 8020 2611 7644 132 7205 8822 8969 5903 9681 6407 6518 6736 329 6652 5132 3419 6260 5134 7520 6305 2482 1921 8870 3029 2384 8590 3250 16 3656 8015 8797 217 5230 5264 6678 4077 709 986 3644 6516 9850 6577 3163 9952 456 6220 5942 5265 9405 1872 6856 851 3948 422 9892 6350 4470 1847 7992 3772 9658 7267 84 4185 6422 9514 2337 665 7792 9550 9120 4000 7437 6089 1822 8383 9028 7732 4326 7411 1222 1809 4828 8392 4763 2017 1114 7684 6723 516 3512 6913 5884 6506 5039 5366 2504 1013 5408 8316 7700 7088 618 3516 918 6627 9332 3926 7786 2121 196 7716 5824 5181 5690 3594 1868 6210 8362 3700 4352 5009 227 1974 8872 622 5637 4497 1022 3376 5153 7000 431 7879 9054 5380 310 8503 279 9263 4532 3831 4063 1940 8875 3989 3789 256 4576 4886 2566 9538 6981 3336 2149 4679 5051 9531 494 2446 6093 4264 9672 7050 3895 2951 3653 7197 7804 1467 4292 5665 8079 5599 7262 6537 6828 1461 5284 4142 6670 8990 2326 1139 7316 8694 5448 4098 9424 2551 2375 1330 5686 8459 4177 915 9739 1877 3773 9129 1199 7369 1459 6116 3876 7688 4402 8437 1118 7441 5132 8940 506 6049 6221 1238 1641 3528 3348 7029 8915 7408 8898 614 8365 3235 5267 5572 3926 4363 1941 513 3747 5700 7806 9609 8073 2930 2044 8536 9134 7362 8080 6428 3915 1874 1209 7422 2614 1020 6523 8601 8774 665 2766 3756 492 3766 6959 8411 6384 2116 5907 4438 9893 9712 2149 5616 3099 7833 4624 3295 9208 9203 1674 2959 4519 6704 7012 5518 9965 642 3929 1598 3106 7568 8991 1702 9480 8088 6862 9384 6775 3747 3920 7195 1455 5562 8807 846 8348 779 3431 7337 9916 4150 7718 5971 7090 5460 4674 6186 4661 1769 8866 3100 5400 1231 4308 5177 8398 8180 7454 3367 6208 3625 6748 475 3590 4345 3637 2290 482 8557 9826 6011 8030 5334 4203 6367 3326 139 8237 2239 1607 5998 5034 7337 8666 6698 994 370 3881 240 9754 8641 7156 4895 4023 4900 8997 8027 52 1650 7242 3544 688 8826 3008 8447 3217 2918 2670 2521 9463 1878 2460 3019 6025 3499 4207 7512 2497 5798 3898 2775 3578 1134 7282 6521 2933 5956 4822 1619 3054 3494 9903 4214 872 5128 191 2215 9038 8050 2696 7968 956 6023 3952 2515 2364 3328 5043 4871 1862 669 9891 3506 6888 8741 9519 2382 6236 5295 4701 9097 2079 1620 9241 1895 7482 4966 6928 4631 3890 9055 2849 5282 5387 1526 4897 7625 307 5185 4638 8132 9257 8952 6688 2572 738 2476 3646 2435 2169 8013 2397 6553 9809 2445 1067 1642 6496 5464 8180 7750 9173 8681 5517 8731 9405 687 5067 2221 6956 2467 5242 4260 3320 7491 9317 2174 3259 6310 8807 7240 8323 5289 9341 9753 4160 4865 4497 8879 6703 569 3005 592 4622 9809 5018 4311 9188 6134 8448 9440 8924 2193 4225 4439 6934 2442 7104 1349 2438 9757 4022 9102 7075 5900 6530 1585 692 482 8706 2959 4572 9419 5079 3050 5486 9573 9802 5394 1915 5348 9327 7022 7904 1635 7837 1216 1903 8576 6942 8855 8517 2466 7302 2304 6631 53 11 7998 135 2191 1821 7779 4989 2576 5907 6322 2191 9149 3156 7882 8676 567 2197 5206 1413 1881 7344 6695 5127 8972 6735 5085 864 4387 8000 1087 6221 7490 1408 5987 7658 6694 7847 2246 7987 3532 7450 5444 486 6506 411 5294 1936 9411 160 4612 7962 2558 6156 5486 7745 9794 6490 3108 7393 8434 3940 7270 5792 8373 7505 6155 5683 1606 7088 951 3333 2893 9583 4272 9364 9442 5582 4258 4740 2851 7947 8275 9365 2808 7818 7938 6674 236 2466 8449 464 9100 878 2994 7726 3764 9042 4945 5313 6311 971 6892 8941 6010 8013 4624 4133 9041 302 4124 828 8042 3871 2491 4014 7052 8472 4087 8036 839 6716 388 961 6783 5621 2824 4955 6193 2375 1997 9434 3120 3052 191 7067 8011 5414 8221 8965 8093 7600 6612 1133 8800 5562 1144 652 3265 8429 4897 7882 7239 742 8810 624 6672 7975 602 604 5228 6906 9671 1794 1772 9343 9663 3251 735 5192 6178 4462 6076 2070 2900 1632 3862 910 6900 5721 2874 7705 7761 4565 6998 820 8178 9033 5836 5307 3443 8526 9665 5497 5825 6786 2885 9102 3275 5566 9998 6162 98 7171 356 6037 4586 2923 7233 3301 7255 2644 6656 3687 3842 778 3283 4543 3820 7711 8006 239 9090 6804 7929 5608 7940 9013 6859 3591 1168 7646 6021 4108 8635 6061 4997 9414 7221 8610 9331 6009 5706 3574 3515 5165 5962 244 5672 1637 2434 1196 7972 1453 9082 4900 5156 3044 7594 8037 6439 8748 2923 1837 7875 9706 5333 3885 4169 1471 1706 4708 3268 3762 6714 10000 2646 8635 4849 6575 8929 3668 9462 3608 8367 2802 7727 1660 3598 577 5811 9880 2938 8111 1966 3662 2777 154 5366 1126 8369 1227 3120 1097 1552 5366 5260 9345 214 6185 4615 79 7179 3330 7358 6670 8188 8205 1236 3580 1701 6293 6180 3453 54 9120 5765 4283 9360 3 8270 6615 7718 912 4339 398 3750 1559 1323 7264 2502 7253 8849 972 1178 3226 7773 165 5737 1468 6089 8084 3130 5545 2401 9095 3906 5395 4363 7628 6901 9316 7760 4763 3886 6534 8296 808 3268 2454 8654 8502 780 9723 4670 5610 1356 6392 1786 7287 8945 2255 2588 5199 2429 1664 9210 3929 9396 3823 3666 2863 4136 7052 4264 1930 2576 4764 9703 5508 4827 9791 1153 2469 6460 1638 5313 6198 6316 3281 2767 6113 8801 5787 5833 8838 57 5428 7656 2400 4464 9582 8722 2430 5497 7709 1251 5821 7042 6578 6089 9252 2331 8256 9417 5866 9908 2500 1758 8222 4478 1455 6460 2587 2399 3086 6672 1114 6488 9354 8720 1180 8707 1035 1356 16 8821 1924 3036 3579 1414 3306 6688 8030 2612 1317 9776 9853 5683 85 7723 2884 1855 6591 5339 3140 7666 9489 2206 2296 5989 1220 3148 523 4690 3910 713 4736 4417 203 9816 6808 212 1090 6439 4466 8012 3098 4592 4725 9960 571 1789 5557 9633 6209 3439 6794 6057 7345 5998 6901 2737 9198 8954 5789 8734 4112 1200 4278 4523 4164 9401 703 875 1620 6437 7794 5988 6080 9130 3063 7337 8060 5840 1726 8803 7143 7918 6353 5633 4725 3373 1679 2356 5072 2379 291 8938 3099 4184 7039 2607 8492 3546 3030 5577 2487 1439 3420 8353 5389 9034 7843 8984 964 4919 6583 7763 5488 4931 5111 8927 6729 2374 7518 9241 4351 587 2688 6113 9044 2549 41 387 1004 1747 6433 6251 8948 8157 6085 6024 6777 272 2436 1515 6539 3828 6658 6311 1326 7683 3310 3412 5141 6184 3642 4984 7765 9702 7692 577 1521 8614 1824 252 5672 9563 9502 5145 9031 7677 5602 5775 5911 4520 3987 6048 4530 2742 4262 4687 5623 1790 9544 3014 8092 7081 6154 8243 609 3557 8839 5193 5928 6327 9059 5068 4207 2547 34 2014 5171 9124 6796 4843 4191 7097 8642 9777 2402 8842 4959 4217 1253 4763 7146 6611 9968 8979 415 4286 9910 5808 5075 1277 4095 6289 8864 7473 5337 7413 805 949 4811 150 7897 7110 9961 1673 2019 1313 7350 272 6053 5977 8173 9525 941 2540 3219 7830 6757 4380 8784 1668 6053 5805 8190 1001 7242 4672 71 1101 4798 9506 5599 178 8170 9841 1054 8803 2428 7809 338 4167 6021 1548 5968 5810 7765 5462 441 1260 376 9030 4242 4290 8441 8845 9041 7804 3533 8738 7652 6723 9664 1391 335 2635 51 1385 6303 3107 9838 1860 3679 353 4119 1890 4726 1463 7607 2837 5677 115 6670 6366 7546 4836 3654 1723 3225 9950 6465 2655 3232 5782 456 231 1432 6677 5106 3345 505 2408 6484 7519 8505 2230 4132 9235 821 2197 9566 2547 6117 4679 6345 5613 603 3632 2951 6472 8984 8226 8069 1645 5493 5724 3459 5363 9148 4125 389 1855 5466 8714 3664 3938 7315 9302 4386 5843 5009 7140 7330 6919 1745 7227 3516 6928 4115 6013 941 5814 5557 6341 2987 9916 8392 5397 5340 1211 7267 7124 9716 307 9998 8970 900 1579 9210 3210 6352 2294 8595 5961 9947 9060 5928 9484 8353 2210 6482 1828 7986 1588 2746 7195 6885 9571 5453 2986 2521 849 4524 6006 7864 1698 8514 3515 9099 8000 9152 8455 5157 4342 2342 43 9041 9121 5487 4482 987 3355 1975 1606 8757 3928 1286 8316 1098 9130 7703 2678 2663 1911 7733 7488 693 1340 3482 5894 3052 1518 2990 7329 6004 4430 7949 4893 3538 5047 2543 910 8465 1619 1017 537 765 434 6698 4958 2894 9011 3923 6996 7246 1425 9227 9307 6316 4722 1675 9655 4557 5045 6450 1038 941 9014 2559 3990 4328 7420 1898 8261 4554 8129 8528 2474 8799 3962 8607 251 2889 8522 7995 9790 9649 3209 2734 6140 2705 6854 2506 1121 1054 4179 5084 8228 3585 5078 178 4478 6702 1663 2943 6430 1765 7453 4380 8714 7776 7298 547 4887 5133 2028 6346 2643 967 1489 2032 134 7573 7754 4624 4915 2463 2252 5707 8075 437 4637 7246 9078 7479 4444 8800 1944 155 4401 103 5794 1560 5574 1400 7665 5622 9890 6845 9 2756 4752 6661 5785 6809 9775 5626 17 6802 2407 3670 1576 735 2643 5797 7569 5094 1491 502 1415 8654 9414 915 2270 613 6178 6399 7836 9069 6665 2655 1407 2913 4189 5517 1143 2089 8240 9171 8244 3023 3448 6494 435 7377 7253 1323 5226 889 5817 6054 1702 6537 8583 646 8184 6709 6768 8912 9554 4090 1284 5169 7197 1558 531 3166 8750 2071 7946 6711 3031 6269 1213 7758 9385 5645 4574 7085 2011 9260 3969 9851 3682 7388 290 2879 2755 4879 4715 6259 9853 8915 1660 979 6251 3840 2328 6182 5680 1304 2576 3194 1298 7203 1281 3791 5989 3706 494 5052 6844 5709 7239 7877 9 5010 1624 4953 3061 2602 5779 4429 8699 2108 6631 9781 2010 9375 7482 6023 8869 5034 7114 3434 3088 3758 436 2230 2809 430 4335 958 7242 5474 6889 8337 1697 7002 9487 2485 8054 8426 7209 9936 1005 665 1981 7422 1584 9647 6131 7271 7850 3345 6991 7155 9108 320 5434 5072 3037 3907 7226 1643 671 1025 4116 2306 3303 166 9990 3751 9107 5036 6689 1463 7423 691 7238 6788 8738 8804 8842 2214 6110 1884 2189 8474 6959 7597 2165 366 7783 2320 9524 5849 2311 3304 8303 8555 1392 7091 3411 2198 5517 5983 3442 2747 157 583 2282 1604 3048 3818 9504 3580 6052 5900 3168 4582 599 4159 9435 2640 8686 4122 2157 9871 3381 7332 4088 7514 2541 1261 1205 4626 2530 4416 4569 6314 5322 3278 1756 6912 9100 4099 1885 3050 5011 105 4049 8758 6771 1185 7003 5744 9967 5605 42 1231 4927 5643 7018 571 9034 6689 5472 2515 9922 9556 9783 5625 2268 7201 1209 5796 7679 6198 3315 7998 8158 4968 2294 5279 3169 3876 7240 7986 4896 8967 1624 9880 8915 4264 6308 2361 5454 6017 3882 4532 1667 4789 6926 2825 3070 5733 9721 6551 1038 1465 9412 2216 2401 6235 8025 8758 8350 8413 6370 4221 6680 5159 3715 4882 6329 9201 8999 56 5605 1144 801 1158 3358 7819 3789 7999 5922 5181 9550 9692 7263 7163 1326 5326 9068 1633 2731 7505 3177 5806 68 3793 2176 2482 3192 2229 3392 4640 10 742 2504 2316 5269 3004 6585 3188 2728 3891 3676 5536 4621 1157 2312 8309 4436 2227 8942 6819 3868 819 3020 1058 2126 8350 7129 7362 2765 4177 7629 9627 3659 694 621 3273 5725 6781 4011 3798 1515 1647 2762 3344 8457 4093 3353 5082 1186 9783 9926 5407 1560 6011 1505 4958 4220 5279 9883 5235 1747 4777 565 8772 7710 4202 5786 6968 5666 8686 6636 6914 9228 5179 6168 2634 6236 1720 9890 374 1915 3414 3110 2735 4772 3669 3900 624 8496 5418 5579 3837 877 133 910 3533 9090 1929 705 6678 1313 9361 6535 3619 54 3325 7067 1769 8138 422 3036 9850 9576 873 5165 5029 4230 4170 9385 8414 3324 3546 4970 5940 6257 2022 3731 5587 2089 2636 7410 8834 3502 2621 2597 2656 7556 6862 9002 9840 1671 6433 4470 4918 5820 3647 1579 5195 2033 2455 1123 5910 299 7055 9446 4823 7858 2412 5058 4275 252 2089 2786 4104 2675 6619 7532 420 6460 7346 4105 7457 1839 3027 8651 2143 2798 9157 25 6281 54 6219 6299 2876 185 1349 6877 155 2122 7173 2508 5963 1516 8383 6696 9880 3710 64 8491 8211 4083 3080 9253 5456 2252 3373 3619 2975 3866 8300 4018 7313 6617 940 4109 7927 6625 5640 9276 9437 5216 4230 4973 5684 1759 7393 927 5135 1551 7779 3431 3508 8365 9254 5609 450 2462 1214 3499 7594 1454 3439 3067 1277 4447 5064 8213 1785 6673 4914 723 7620 2660 1178 9165 8438 899 1326 840 4156 7101 6525 692 9177 1808 6603 374 9617 6211 9407 6579 9397 3680 2649 9933 1800 6814 4310 7236 1912 1453 7055 186 4974 9880 2902 7753 4471 1738 3460 5587 7957 3177 6500 9961 5343 6129 8409 3378 6213 639 257 4690 206 4829 9923 6315 9044 9238 148 6664 7224 9533 9380 338 1260 9600 1224 206 408 2027 3024 4414 3072 3489 4547 4599 6156 4827 7174 3112 4067 7998 3762 286 9670 9831 5197 3949 5324 8523 4734 894 8038 350 3107 5158 8050 9214 7505 7200 6794 2442 5969 5650 9988 3310 1939 5149 7485 1363 2653 6178 1039 2595 7570 5611 8088 7190 1631 2990 838 7797 8978 3865 5372 2529 9656 549 2057 731 6607 1208 3652 914 2836 4710 6475 381 1844 4342 49 4281 1094 5223 9273 1114 1178 5126 1945 9290 2152 6820 8599 2521 3675 7367 1053 5682 4413 2943 8295 7472 431 8077 4979 4207 8764 7947 9284 765 2229 4195 630 5358 9314 1747 7140 4800 3669 2290 8373 704 8398 8186 6717 9580 5383 6835 6267 5789 6485 3607 4499 1001 6444 8507 4239 9891 905 5007 2647 4349 1611 5659 7039 8311 9378 828 3834 5608 6443 7187 9381 4663 1517 9279 1578 9483 7158 6286 3975 3712 130 8989 4668 4221 969 6907 992 3165 2156 7905 6699 940 209 6274 4358 6195 8304 8165 7935 4042 8533 7105 9103 895 467 4690 1231 6250 1292 6952 4154 9663 5402 3566 209 6666 4140 371 8335 3016 6732 1782 8925 1097 3337 6140 3960 7723 4941 4504 5694 3150 6317 7027 7582 7505 3727 6382 1580 8030 858 6649 2182 746 714 3275 4449 9809 9899 8168 3525 7221 3959 2706 4286 4659 8654 2116 9749 1195 6372 7722 582 2327 830 2601 1610 8358 4366 2902 5641 7005 97 8036 1040 1072 1322 2858 6690 5993 3132 3462 3876 3865 1451 2046 8021 2416 2124 7351 110 6910 5077 4448 4618 7096 8289 2459 9119 8905 8685 7864 6276 8419 8908 7235 8567 9656 1295 1191 1624 5758 8322 741 1764 8168 4909 1459 8498 7436 2682 6214 7593 9847 1310 2487 8686 5994 9810 5893 4753 4608 7291 7083 6817 1332 5747 2092 6761 1701 4933 6093 720 7847 5328 6859 483 6339 3163 569 1318 1686 457 572 882 1838 1074 8247 5858 1690 1499 8025 4598 9744 6912 7623 5331 9537 4683 2848 9148 9159 7971 9231 4504 3518 7913 4371 4286 521 8898 9565 2738 9707 2207 1517 8112 6356 6730 5794 4355 6954 5293 4981 9300 3776 8031 9136 960 803 6957 5055 8951 3198 9037 9170 2050 3590 5688 5166 8331 4180 3061 9054 7577 2323 5138 102 8337 2384 3842 1914 3275 9144 5506 2640 6098 1576 4757 4704 7868 2099 5431 8028 2391 9669 3199 1654 4809 7108 5813 6343 8863 7612 8779 4090 3725 5101 1315 7400 7298 3439 5852 6276 9882 1258 8609 4348 4499 239 7942 7856 8100 7819 4012 2815 568 1602 5208 5554 5179 6351 1412 9805 8133 5994 6952 4409 9408 1406 7776 629 4678 8296 2264 3857 9148 9177 363 7970 7823 3340 9272 1784 3817 5183 3357 4406 8963 931 6903 9239 6072 5833 8215 8307 2775 6058 1356 3132 7486 7542 9401 1760 5988 1066 3825 1218 2979 4344 7276 3565 4305 2692 7987 3713 7379 2411 9534 1093 6806 7435 5147 6330 2493 563 2924 8087 7757 4875 8954 6629 3455 220 3666 3880 8975 1957 6859 8577 1299 399 1706 8933 5963 3514 1689 1269 9489 8263 6101 435 68 5871 1716 1811 7873 7846 9452 5001 474 7157 9467 7674 1764 1074 5208 1177 3620 6979 6608 6366 7220 1072 8623 333 5153 6069 4375 3297 7080 1561 95 7873 6797 7752 6755 1150 6069 4334 64 4670 8752 3774 9802 1842 106 252 6306 1073 3551 5346 8631 4838 9648 6612 2256 6609 8658 8918 8991 2369 6769 8101 6092 1120 7291 1798 8554 2014 575 1486 8165 6099 5413 5342 6463 8186 4461 8962 45 1307 6043 9705 8694 5338 6490 3941 8062 9912 3608 7988 739 6724 8077 8529 1951 6162 8794 6184 265 841 5558 2715 9906 8278 554 8064 3444 440 2672 605 7515 9483 2283 8030 4196 8837 4966 7993 9194 6008 134 3410 681 8200 4772 5436 2044 6220 9479 3337 2547 1514 65 8487 6139 4689 9376 9118 6911 2396 9302 43 5966 1931 5366 6546 1873 5731 4659 24 2254 7342 8543 6919 3270 3202 9274 9624 7359 5887 6951 8294 8686 4486 7341 8418 6267 5484 3153 5544 5141 4400 8026 6701 1814 4247 6819 4228 804 7215 9109 78 3696 1342 9721 2214 4689 278 9134 620 5309 9201 9202 9752 337 2637 8832 9209 8918 823 5190 6510 7804 3110 5062 1179 7155 9768 104 8571 465 97 2844 6916 793 689 9783 216 5925 1740 244 5167 2778 9767 4693 64 3371 318 2663 9927 8784 2405 625 7050 9092 3252 5372 1798 5744 6015 490 2127 6648 5546 8770 5523 2244 4566 1869 4661 7279 1746 7637 9316 4097 7538 7211 1257 2219 2695 2741 8098 192 9850 1755 4918 972 746 4903 2932 1153 8689 8924 9254 9728 9207 514 9362 287 339 4550 8827 3288 6336 5679 6383 9836 1303 2455 7921 4467 8160 2756 198 7786 4708 4722 4597 7296 5709 5869 239 3787 8507 929 6205 4317 1131 7234 7904 3336 5165 7372 9908 4957 810 1472 6680 5851 6954 3182 8474 49 7650 5476 9469 1589 4498 273 1407 318 2048 9132 7024 5751 6115 4652 2762 6613 2425 7807 3225 3919 4034 3174 9944 5167 1859 112 863 886 8422 9215 4303 6981 9912 2599 5092 5994 5103 2665 3974 8035